  Az [deg]         El [deg]         1d angle [deg]   Hor amp [dB]     Hor phase [deg]  Vert amp [dB]    Vert phase[deg]
 -1.00000000e+001  0.00000000e+000 -1.00000000e+001 -1.23463059e+001  1.23888467e+002 -8.03441252e+000  3.56919884e+001
 -9.90000000e+000  0.00000000e+000 -9.90000000e+000 -2.10789799e+001  1.23267688e+002 -7.60143175e+000  3.44608577e+001
 -9.80000000e+000  0.00000000e+000 -9.80000000e+000 -2.29486894e+001 -5.76153825e+001 -7.33135735e+000  3.32723934e+001
 -9.70000000e+000  0.00000000e+000 -9.70000000e+000 -1.25988323e+001 -5.82013579e+001 -7.21918823e+000  3.21063847e+001
 -9.60000000e+000  0.00000000e+000 -9.60000000e+000 -7.99205633e+000 -5.88469670e+001 -7.26585189e+000  3.09442869e+001
 -9.50000000e+000  0.00000000e+000 -9.50000000e+000 -5.03282258e+000 -5.94944481e+001 -7.47834999e+000  2.97663905e+001
 -9.40000000e+000  0.00000000e+000 -9.40000000e+000 -2.89452774e+000 -6.01380614e+001 -7.87086196e+000  2.85485194e+001
 -9.30000000e+000  0.00000000e+000 -9.30000000e+000 -1.26489540e+000 -6.07762997e+001 -8.46719661e+000  2.72569786e+001
 -9.20000000e+000  0.00000000e+000 -9.20000000e+000  7.05092900e-003 -6.14086071e+001 -9.30557698e+000  2.58392011e+001
 -9.10000000e+000  0.00000000e+000 -9.10000000e+000  1.00472593e+000 -6.20347451e+001 -1.04480995e+001  2.42037442e+001
 -9.00000000e+000  0.00000000e+000 -9.00000000e+000  1.77783962e+000 -6.26546099e+001 -1.20008654e+001  2.21708582e+001
 -8.90000000e+000  0.00000000e+000 -8.90000000e+000  2.35700909e+000 -6.32681691e+001 -1.41624332e+001  1.93256287e+001
 -8.80000000e+000  0.00000000e+000 -8.80000000e+000  2.76078687e+000 -6.38754374e+001 -1.73640125e+001  1.44432918e+001
 -8.70000000e+000  0.00000000e+000 -8.70000000e+000  2.99920892e+000 -6.44764705e+001 -2.27867539e+001  1.82815124e+000
 -8.60000000e+000  0.00000000e+000 -8.60000000e+000  3.07549387e+000 -6.50713689e+001 -3.02872827e+001 -7.14423991e+001
 -8.50000000e+000  0.00000000e+000 -8.50000000e+000  2.98655492e+000 -6.56602927e+001 -2.17396906e+001 -1.33297009e+002
 -8.40000000e+000  0.00000000e+000 -8.40000000e+000  2.72250747e+000 -6.62434904e+001 -1.63359132e+001 -1.44377828e+002
 -8.30000000e+000  0.00000000e+000 -8.30000000e+000  2.26499676e+000 -6.68213542e+001 -1.29634798e+001 -1.48887871e+002
 -8.20000000e+000  0.00000000e+000 -8.20000000e+000  1.58369645e+000 -6.73945284e+001 -1.05678876e+001 -1.51546381e+002
 -8.10000000e+000  0.00000000e+000 -8.10000000e+000  6.29374415e-001 -6.79641379e+001 -8.75404555e+000 -1.53433904e+002
 -8.00000000e+000  0.00000000e+000 -8.00000000e+000 -6.80499894e-001 -6.85323255e+001 -7.33662072e+000 -1.54927698e+002
 -7.90000000e+000  0.00000000e+000 -7.90000000e+000 -2.49501411e+000 -6.91037211e+001 -6.21545263e+000 -1.56193885e+002
 -7.80000000e+000  0.00000000e+000 -7.80000000e+000 -5.12148740e+000 -6.96904928e+001 -5.33154052e+000 -1.57317581e+002
 -7.70000000e+000  0.00000000e+000 -7.70000000e+000 -9.36789806e+000 -7.03381287e+001 -4.64848700e+000 -1.58347610e+002
 -7.60000000e+000  0.00000000e+000 -7.60000000e+000 -1.91458235e+001 -7.14859998e+001 -4.14370051e+000 -1.59314809e+002
 -7.50000000e+000  0.00000000e+000 -7.50000000e+000 -1.76488253e+001  1.09693508e+002 -3.80393425e+000 -1.60240616e+002
 -7.40000000e+000  0.00000000e+000 -7.40000000e+000 -8.40438432e+000  1.08673990e+002 -3.62302430e+000 -1.61141629e+002
 -7.30000000e+000  0.00000000e+000 -7.30000000e+000 -3.98529070e+000  1.08062884e+002 -3.60092969e+000 -1.62032460e+002
 -7.20000000e+000  0.00000000e+000 -7.20000000e+000 -1.08565335e+000  1.07519754e+002 -3.74373689e+000 -1.62927986e+002
 -7.10000000e+000  0.00000000e+000 -7.10000000e+000  1.03531494e+000  1.07004266e+002 -4.06463151e+000 -1.63845781e+002
 -7.00000000e+000  0.00000000e+000 -7.00000000e+000  2.66653625e+000  1.06505254e+002 -4.58618298e+000 -1.64809640e+002
 -6.90000000e+000  0.00000000e+000 -6.90000000e+000  3.94993461e+000  1.06018425e+002 -5.34485949e+000 -1.65855905e+002
 -6.80000000e+000  0.00000000e+000 -6.80000000e+000  4.96459317e+000  1.05541808e+002 -6.39997160e+000 -1.67046768e+002
 -6.70000000e+000  0.00000000e+000 -6.70000000e+000  5.75779143e+000  1.05074417e+002 -7.85268911e+000 -1.68502635e+002
 -6.60000000e+000  0.00000000e+000 -6.60000000e+000  6.35856505e+000  1.04615751e+002 -9.89183823e+000 -1.70496687e+002
 -6.50000000e+000  0.00000000e+000 -6.50000000e+000  6.78426302e+000  1.04165597e+002 -1.29280235e+001 -1.73816835e+002
 -6.40000000e+000  0.00000000e+000 -6.40000000e+000  7.04383946e+000  1.03723944e+002 -1.81355078e+001  1.77976470e+002
 -6.30000000e+000  0.00000000e+000 -6.30000000e+000  7.13937209e+000  1.03290969e+002 -2.88367382e+001  1.15491706e+002
 -6.20000000e+000  0.00000000e+000 -6.20000000e+000  7.06639697e+000  1.02867059e+002 -1.87422381e+001  3.12166555e+001
 -6.10000000e+000  0.00000000e+000 -6.10000000e+000  6.81318096e+000  1.02452899e+002 -1.26247576e+001  2.14925790e+001
 -6.00000000e+000  0.00000000e+000 -6.00000000e+000  6.35866582e+000  1.02049643e+002 -8.98079693e+000  1.79092544e+001
 -5.90000000e+000  0.00000000e+000 -5.90000000e+000  5.66824938e+000  1.01659276e+002 -6.42144112e+000  1.58695602e+001
 -5.80000000e+000  0.00000000e+000 -5.80000000e+000  4.68534793e+000  1.01285399e+002 -4.48494140e+000  1.44454404e+001
 -5.70000000e+000  0.00000000e+000 -5.70000000e+000  3.31343003e+000  1.00935153e+002 -2.96472700e+000  1.33284754e+001
 -5.60000000e+000  0.00000000e+000 -5.60000000e+000  1.37273610e+000  1.00624788e+002 -1.75203042e+000  1.23862477e+001
 -5.50000000e+000  0.00000000e+000 -5.50000000e+000 -1.52739722e+000  1.00400557e+002 -7.83927962e-001  1.15517347e+001
 -5.40000000e+000  0.00000000e+000 -5.40000000e+000 -6.53204758e+000  1.00465781e+002 -2.22477707e-002  1.07865131e+001
 -5.30000000e+000  0.00000000e+000 -5.30000000e+000 -2.25144616e+001  1.05503472e+002  5.56163212e-001  1.00659536e+001
 -5.20000000e+000  0.00000000e+000 -5.20000000e+000 -9.21900054e+000 -8.26893353e+001  9.64237900e-001  9.37229321e+000
 -5.10000000e+000  0.00000000e+000 -5.10000000e+000 -2.13146524e+000 -8.22796999e+001  1.20699632e+000  8.69083650e+000
 -5.00000000e+000  0.00000000e+000 -5.00000000e+000  1.77759240e+000 -8.24174600e+001  1.28233700e+000  8.00735673e+000
 -4.90000000e+000  0.00000000e+000 -4.90000000e+000  4.46127892e+000 -8.26690907e+001  1.18061309e+000  7.30565462e+000
 -4.80000000e+000  0.00000000e+000 -4.80000000e+000  6.46795254e+000 -8.29612425e+001  8.82831737e-001  6.56433659e+000
 -4.70000000e+000  0.00000000e+000 -4.70000000e+000  8.02877661e+000 -8.32714055e+001  3.56740410e-001  5.75130775e+000
 -4.60000000e+000  0.00000000e+000 -4.60000000e+000  9.26121507e+000 -8.35907691e+001 -4.51080507e-001  4.81253731e+000
 -4.50000000e+000  0.00000000e+000 -4.50000000e+000  1.02310131e+001 -8.39156373e+001 -1.63194044e+000  3.64540955e+000
 -4.40000000e+000  0.00000000e+000 -4.40000000e+000  1.09762018e+001 -8.42447664e+001 -3.35453669e+000  2.02340090e+000
 -4.30000000e+000  0.00000000e+000 -4.30000000e+000  1.15176922e+001 -8.45784534e+001 -5.97678787e+000 -6.77870210e-001
 -4.20000000e+000  0.00000000e+000 -4.20000000e+000  1.18640829e+001 -8.49183269e+001 -1.04735299e+001 -7.02626963e+000
 -4.10000000e+000  0.00000000e+000 -4.10000000e+000  1.20133809e+001 -8.52675762e+001 -2.06236398e+001 -4.65321699e+001
 -4.00000000e+000  0.00000000e+000 -4.00000000e+000  1.19524693e+001 -8.56316712e+001 -1.31848632e+001 -1.53381665e+002
 -3.90000000e+000  0.00000000e+000 -3.90000000e+000  1.16540705e+001 -8.60199388e+001 -6.05650611e+000 -1.65095832e+002
 -3.80000000e+000  0.00000000e+000 -3.80000000e+000  1.10696380e+001 -8.64490223e+001 -1.88127065e+000 -1.68778018e+002
 -3.70000000e+000  0.00000000e+000 -3.70000000e+000  1.01137250e+001 -8.69512124e+001  1.09747634e+000 -1.70684255e+002
 -3.60000000e+000  0.00000000e+000 -3.60000000e+000  8.62666757e+000 -8.75978467e+001  3.42206979e+000 -1.71914678e+002
 -3.50000000e+000  0.00000000e+000 -3.50000000e+000  6.26827337e+000 -8.85830050e+001  5.32779438e+000 -1.72813614e+002
 -3.40000000e+000  0.00000000e+000 -3.40000000e+000  2.09923318e+000 -9.06841073e+001  6.93781675e+000 -1.73523221e+002
 -3.30000000e+000  0.00000000e+000 -3.30000000e+000 -9.07726854e+000 -1.03794107e+002  8.32466364e+000 -1.74112859e+002
 -3.20000000e+000  0.00000000e+000 -3.20000000e+000 -2.42255630e+000  1.01724030e+002  9.53462129e+000 -1.74620416e+002
 -3.10000000e+000  0.00000000e+000 -3.10000000e+000  5.96659232e+000  9.64579609e+001  1.05989961e+001 -1.75068353e+002
 -3.00000000e+000  0.00000000e+000 -3.00000000e+000  1.05610584e+001  9.49654625e+001  1.15398994e+001 -1.75470844e+002
 -2.90000000e+000  0.00000000e+000 -2.90000000e+000  1.38195276e+001  9.41791760e+001  1.23734669e+001 -1.75837281e+002
 -2.80000000e+000  0.00000000e+000 -2.80000000e+000  1.63779003e+001  9.36507136e+001  1.31117651e+001 -1.76174143e+002
 -2.70000000e+000  0.00000000e+000 -2.70000000e+000  1.84978604e+001  9.32474433e+001  1.37639773e+001 -1.76486046e+002
 -2.60000000e+000  0.00000000e+000 -2.60000000e+000  2.03130821e+001  9.29161769e+001  1.43371695e+001 -1.76776372e+002
 -2.50000000e+000  0.00000000e+000 -2.50000000e+000  2.19012862e+001  9.26314431e+001  1.48368015e+001 -1.77047658e+002
 -2.40000000e+000  0.00000000e+000 -2.40000000e+000  2.33117772e+001  9.23795182e+001  1.52670746e+001 -1.77301844e+002
 -2.30000000e+000  0.00000000e+000 -2.30000000e+000  2.45778655e+001  9.21523558e+001  1.56311708e+001 -1.77540443e+002
 -2.20000000e+000  0.00000000e+000 -2.20000000e+000  2.57231530e+001  9.19449285e+001  1.59314174e+001 -1.77764650e+002
 -2.10000000e+000  0.00000000e+000 -2.10000000e+000  2.67649981e+001  9.17539342e+001  1.61693980e+001 -1.77975423e+002
 -2.00000000e+000  0.00000000e+000 -2.00000000e+000  2.77165529e+001  9.15771161e+001  1.63460215e+001 -1.78173540e+002
 -1.90000000e+000  0.00000000e+000 -1.90000000e+000  2.85880281e+001  9.14128800e+001  1.64615568e+001 -1.78359639e+002
 -1.80000000e+000  0.00000000e+000 -1.80000000e+000  2.93875108e+001  9.12600688e+001  1.65156377e+001 -1.78534245e+002
 -1.70000000e+000  0.00000000e+000 -1.70000000e+000  3.01215139e+001  9.11178231e+001  1.65072373e+001 -1.78697799e+002
 -1.60000000e+000  0.00000000e+000 -1.60000000e+000  3.07953558e+001  9.09854916e+001  1.64346092e+001 -1.78850670e+002
 -1.50000000e+000  0.00000000e+000 -1.50000000e+000  3.14134295e+001  9.08625729e+001  1.62951899e+001 -1.78993170e+002
 -1.40000000e+000  0.00000000e+000 -1.40000000e+000  3.19793988e+001  9.07486750e+001  1.60854495e+001 -1.79125564e+002
 -1.30000000e+000  0.00000000e+000 -1.30000000e+000  3.24963422e+001  9.06434877e+001  1.58006741e+001 -1.79248078e+002
 -1.20000000e+000  0.00000000e+000 -1.20000000e+000  3.29668624e+001  9.05467632e+001  1.54346470e+001 -1.79360907e+002
 -1.10000000e+000  0.00000000e+000 -1.10000000e+000  3.33931690e+001  9.04583016e+001  1.49791824e+001 -1.79464216e+002
 -1.00000000e+000  0.00000000e+000 -1.00000000e+000  3.37771427e+001  9.03779408e+001  1.44234251e+001 -1.79558149e+002
 -9.00000000e-001  0.00000000e+000 -9.00000000e-001  3.41203859e+001  9.03055484e+001  1.37527733e+001 -1.79642828e+002
 -8.00000000e-001  0.00000000e+000 -8.00000000e-001  3.44242613e+001  9.02410163e+001  1.29471561e+001 -1.79718362e+002
 -7.00000000e-001  0.00000000e+000 -7.00000000e-001  3.46899243e+001  9.01842559e+001  1.19781472e+001 -1.79784842e+002
 -6.00000000e-001  0.00000000e+000 -6.00000000e-001  3.49183469e+001  9.01351951e+001  1.08038344e+001 -1.79842351e+002
 -5.00000000e-001  0.00000000e+000 -5.00000000e-001  3.51103379e+001  9.00937755e+001  9.35895995e+000 -1.79890965e+002
 -4.00000000e-001  0.00000000e+000 -4.00000000e-001  3.52665585e+001  9.00599505e+001  7.53391494e+000 -1.79930764e+002
 -3.00000000e-001  0.00000000e+000 -3.00000000e-001  3.53875347e+001  9.00336836e+001  5.12292310e+000 -1.79961856e+002
 -2.00000000e-001  0.00000000e+000 -2.00000000e-001  3.54736663e+001  9.00149476e+001  1.66367939e+000 -1.79984472e+002
 -1.00000000e-001  0.00000000e+000 -1.00000000e-001  3.55252342e+001  9.00037235e+001 -4.31941961e+000 -1.79999638e+002
  0.00000000e+000  0.00000000e+000  0.00000000e+000  3.55424050e+001  9.00000000e+001 -8.73869249e+001  9.00000000e+001
  1.00000000e-001  0.00000000e+000  1.00000000e-001  3.55252342e+001  9.00037734e+001 -4.31941961e+000  8.41030582e-003
  2.00000000e-001  0.00000000e+000  2.00000000e-001  3.54736663e+001  9.00150471e+001  1.66367938e+000  1.95680763e-002
  3.00000000e-001  0.00000000e+000  3.00000000e-001  3.53875348e+001  9.00338320e+001  5.12292309e+000  4.08542563e-002
  4.00000000e-001  0.00000000e+000  4.00000000e-001  3.52665586e+001  9.00601469e+001  7.53391493e+000  7.12855456e-002
  5.00000000e-001  0.00000000e+000  5.00000000e-001  3.51103380e+001  9.00940185e+001  9.35895995e+000  1.10691573e-001
  6.00000000e-001  0.00000000e+000  6.00000000e-001  3.49183471e+001  9.01354828e+001  1.08038344e+001  1.59045572e-001
  7.00000000e-001  0.00000000e+000  7.00000000e-001  3.46899245e+001  9.01845862e+001  1.19781472e+001  2.16369382e-001
  8.00000000e-001  0.00000000e+000  8.00000000e-001  3.44242616e+001  9.02413864e+001  1.29471561e+001  2.82710417e-001
  9.00000000e-001  0.00000000e+000  9.00000000e-001  3.41203862e+001  9.03059550e+001  1.37527734e+001  3.58134828e-001
  1.00000000e+000  0.00000000e+000  1.00000000e+000  3.37771432e+001  9.03783798e+001  1.44234251e+001  4.42725708e-001
  1.10000000e+000  0.00000000e+000  1.10000000e+000  3.33931696e+001  9.04587683e+001  1.49791825e+001  5.36583388e-001
  1.20000000e+000  0.00000000e+000  1.20000000e+000  3.29668631e+001  9.05472516e+001  1.54346471e+001  6.39826851e-001
  1.30000000e+000  0.00000000e+000  1.30000000e+000  3.24963431e+001  9.06439908e+001  1.58006743e+001  7.52595979e-001
  1.40000000e+000  0.00000000e+000  1.40000000e+000  3.19793998e+001  9.07491843e+001  1.60854498e+001  8.75054597e-001
  1.50000000e+000  0.00000000e+000  1.50000000e+000  3.14134308e+001  9.08630781e+001  1.62951902e+001  1.00739438e+000
  1.60000000e+000  0.00000000e+000  1.60000000e+000  3.07953572e+001  9.09859801e+001  1.64346096e+001  1.14983979e+000
  1.70000000e+000  0.00000000e+000  1.70000000e+000  3.01215156e+001  9.11182792e+001  1.65072377e+001  1.30265438e+000
  1.80000000e+000  0.00000000e+000  1.80000000e+000  2.93875128e+001  9.12604733e+001  1.65156382e+001  1.46614872e+000
  1.90000000e+000  0.00000000e+000  1.90000000e+000  2.85880305e+001  9.14132086e+001  1.64615574e+001  1.64069056e+000
  2.00000000e+000  0.00000000e+000  2.00000000e+000  2.77165557e+001  9.15773378e+001  1.63460221e+001  1.82671793e+000
  2.10000000e+000  0.00000000e+000  2.10000000e+000  2.67650014e+001  9.17540093e+001  1.61693987e+001  2.02475620e+000
  2.20000000e+000  0.00000000e+000  2.20000000e+000  2.57231568e+001  9.19448046e+001  1.59314181e+001  2.23544058e+000
  2.30000000e+000  0.00000000e+000  2.30000000e+000  2.45778697e+001  9.21519626e+001  1.56311715e+001  2.45954610e+000
  2.40000000e+000  0.00000000e+000  2.40000000e+000  2.33117820e+001  9.23787590e+001  1.52670753e+001  2.69802832e+000
  2.50000000e+000  0.00000000e+000  2.50000000e+000  2.19012914e+001  9.26301807e+001  1.48368021e+001  2.95207942e+000
  2.60000000e+000  0.00000000e+000  2.60000000e+000  2.03130875e+001  9.29142087e+001  1.43371699e+001  3.22320689e+000
  2.70000000e+000  0.00000000e+000  2.70000000e+000  1.84978654e+001  9.32444546e+001  1.37639774e+001  3.51334632e+000
  2.80000000e+000  0.00000000e+000  2.80000000e+000  1.63779031e+001  9.36461803e+001  1.31117648e+001  3.82502696e+000
  2.90000000e+000  0.00000000e+000  2.90000000e+000  1.38195233e+001  9.41721360e+001  1.23734658e+001  4.16162123e+000
  3.00000000e+000  0.00000000e+000  3.00000000e+000  1.05610305e+001  9.49538593e+001  1.15398972e+001  4.52773258e+000
  3.10000000e+000  0.00000000e+000  3.10000000e+000  5.96646118e+000  9.64360448e+001  1.05989921e+001  4.92982060e+000
  3.20000000e+000  0.00000000e+000  3.20000000e+000 -2.42378245e+000  1.01661286e+002  9.53461460e+000  5.37725196e+000
  3.30000000e+000  0.00000000e+000  3.30000000e+000 -9.08428110e+000 -1.03653859e+002  8.32465268e+000  5.88415945e+000
  3.40000000e+000  0.00000000e+000  3.40000000e+000  2.09860950e+000 -9.06405477e+001  6.93779882e+000  6.47294060e+000
  3.50000000e+000  0.00000000e+000  3.50000000e+000  6.26800520e+000 -8.85542754e+001  5.32776455e+000  7.18137409e+000
  3.60000000e+000  0.00000000e+000  3.60000000e+000  8.62649745e+000 -8.75747442e+001  3.42201816e+000  8.07862218e+000
  3.70000000e+000  0.00000000e+000  3.70000000e+000  1.01135959e+001 -8.69308390e+001  1.09738035e+000  9.30644046e+000
  3.80000000e+000  0.00000000e+000  3.80000000e+000  1.10695292e+001 -8.64300583e+001 -1.88147350e+000  1.12081872e+001
  3.90000000e+000  0.00000000e+000  3.90000000e+000  1.16539720e+001 -8.60016349e+001 -6.05705913e+000  1.48810068e+001
  4.00000000e+000  0.00000000e+000  4.00000000e+000  1.19523750e+001 -8.56135222e+001 -1.31877822e+001  2.65664869e+001
  4.10000000e+000  0.00000000e+000  4.10000000e+000  1.20132868e+001 -8.52491849e+001 -2.06399007e+001  1.33548664e+002
  4.20000000e+000  0.00000000e+000  4.20000000e+000  1.18639853e+001 -8.48993328e+001 -1.04750745e+001  1.73015177e+002
  4.30000000e+000  0.00000000e+000  4.30000000e+000  1.15175874e+001 -8.45584845e+001 -5.97731832e+000  1.79347738e+002
  4.40000000e+000  0.00000000e+000  4.40000000e+000  1.09760855e+001 -8.42233941e+001 -3.35481217e+000 -1.77957392e+002
  4.50000000e+000  0.00000000e+000  4.50000000e+000  1.02308798e+001 -8.38923212e+001 -1.63211324e+000 -1.76338763e+002
  4.60000000e+000  0.00000000e+000  4.60000000e+000  9.26105692e+000 -8.35647721e+001 -4.51201008e-001 -1.75173685e+002
  4.70000000e+000  0.00000000e+000  4.70000000e+000  8.02858164e+000 -8.32416440e+001  3.56650621e-001 -1.74236258e+002
  4.80000000e+000  0.00000000e+000  4.80000000e+000  6.46770095e+000 -8.29259862e+001  8.82761814e-001 -1.73424149e+002
  4.90000000e+000  0.00000000e+000  4.90000000e+000  4.46093410e+000 -8.26252747e+001  1.18055697e+000 -1.72683472e+002
  5.00000000e+000  0.00000000e+000  5.00000000e+000  1.77707505e+000 -8.23587812e+001  1.28229102e+000 -1.71982212e+002
  5.10000000e+000  0.00000000e+000  5.10000000e+000 -2.13238268e+000 -8.21894906e+001  1.20695817e+000 -1.71299019e+002
  5.20000000e+000  0.00000000e+000  5.20000000e+000 -9.22159441e+000 -8.24900684e+001  9.64206077e-001 -1.70617719e+002
  5.30000000e+000  0.00000000e+000  5.30000000e+000 -2.25191473e+001  1.04602065e+002  5.56136789e-001 -1.69924095e+002
  5.40000000e+000  0.00000000e+000  5.40000000e+000 -6.53074829e+000  1.00326650e+002 -2.22692682e-002 -1.69203449e+002
  5.50000000e+000  0.00000000e+000  5.50000000e+000 -1.52650030e+000  1.00324670e+002 -7.83944527e-001 -1.68438003e+002
  5.60000000e+000  0.00000000e+000  5.60000000e+000  1.37346161e+000  1.00572142e+002 -1.75204137e+000 -1.67603092e+002
  5.70000000e+000  0.00000000e+000  5.70000000e+000  3.31407102e+000  1.00894436e+002 -2.96473043e+000 -1.66660227e+002
  5.80000000e+000  0.00000000e+000  5.80000000e+000  4.68594666e+000  1.01251833e+002 -4.48493274e+000 -1.65542258e+002
  5.90000000e+000  0.00000000e+000  5.90000000e+000  5.66883089e+000  1.01630382e+002 -6.42140904e+000 -1.64116510e+002
  6.00000000e+000  0.00000000e+000  6.00000000e+000  6.35924755e+000  1.02023956e+002 -8.98070857e+000 -1.62073953e+002
  6.10000000e+000  0.00000000e+000  6.10000000e+000  6.81377695e+000  1.02429467e+002 -1.26244855e+001 -1.58484732e+002
  6.20000000e+000  0.00000000e+000  6.20000000e+000  7.06702007e+000  1.02845213e+002 -1.87408474e+001 -1.48743756e+002
  6.30000000e+000  0.00000000e+000  6.30000000e+000  7.14003542e+000  1.03270202e+002 -2.88195918e+001 -6.45199707e+001
  6.40000000e+000  0.00000000e+000  6.40000000e+000  7.04455761e+000  1.03703846e+002 -1.81337772e+001 -2.05007997e+000
  6.50000000e+000  0.00000000e+000  6.50000000e+000  6.78505342e+000  1.04145805e+002 -1.29274149e+001  6.17000020e+000
  6.60000000e+000  0.00000000e+000  6.60000000e+000  6.35944966e+000  1.04595919e+002 -9.89148985e+000  9.49521232e+000
  6.70000000e+000  0.00000000e+000  6.70000000e+000  5.75879930e+000  1.05054180e+002 -7.85244147e+000  1.14917803e+001
  6.80000000e+000  0.00000000e+000  6.80000000e+000  4.96576455e+000  1.05520745e+002 -6.39977282e+000  1.29490651e+001
  6.90000000e+000  0.00000000e+000  6.90000000e+000  3.95132807e+000  1.05995998e+002 -5.34468718e+000  1.41407605e+001
  7.00000000e+000  0.00000000e+000  7.00000000e+000  2.66824223e+000  1.06480706e+002 -4.58602553e+000  1.51874979e+001
  7.10000000e+000  0.00000000e+000  7.10000000e+000  1.03748409e+000  1.06976407e+002 -4.06448210e+000  1.61515755e+001
  7.20000000e+000  0.00000000e+000  7.20000000e+000 -1.08274179e+000  1.07486463e+002 -3.74359104e+000  1.70693906e+001
  7.30000000e+000  0.00000000e+000  7.30000000e+000 -3.98102637e+000  1.08019613e+002 -3.60078418e+000  1.79647604e+001
  7.40000000e+000  0.00000000e+000  7.40000000e+000 -8.39696787e+000  1.08607416e+002 -3.62287662e+000  1.88552625e+001
  7.50000000e+000  0.00000000e+000  7.50000000e+000 -1.76265590e+001  1.09515662e+002 -3.80378229e+000  1.97557614e+001
  7.60000000e+000  0.00000000e+000  7.60000000e+000 -1.91743303e+001 -7.12985713e+001 -4.14354246e+000  2.06808377e+001
  7.70000000e+000  0.00000000e+000  7.70000000e+000 -9.37742243e+000 -7.02833266e+001 -4.64832135e+000  2.16470367e+001
  7.80000000e+000  0.00000000e+000  7.80000000e+000 -5.12754900e+000 -6.96609012e+001 -5.33136625e+000  2.26757066e+001
  7.90000000e+000  0.00000000e+000  7.90000000e+000 -2.49966039e+000 -6.90849035e+001 -6.21526985e+000  2.37975445e+001
  8.00000000e+000  0.00000000e+000  8.00000000e+000 -6.84405022e-001 -6.85195788e+001 -7.33643234e+000  2.50611333e+001
  8.10000000e+000  0.00000000e+000  8.10000000e+000  6.25901277e-001 -6.79553745e+001 -8.75386178e+000  2.65511560e+001
  8.20000000e+000  0.00000000e+000  8.20000000e+000  1.58048366e+000 -6.73886623e+001 -1.05677399e+001  2.84328765e+001
  8.30000000e+000  0.00000000e+000  8.30000000e+000  2.26193494e+000 -6.68177690e+001 -1.29634714e+001  3.10816134e+001
  8.40000000e+000  0.00000000e+000  8.40000000e+000  2.71951830e+000 -6.62418233e+001 -1.63364675e+001  3.55725152e+001
  8.50000000e+000  0.00000000e+000  8.50000000e+000  2.98357589e+000 -6.56603344e+001 -2.17436841e+001  4.66045711e+001
  8.60000000e+000  0.00000000e+000  8.60000000e+000  3.07246948e+000 -6.50730136e+001 -3.03311839e+001  1.08487985e+002
  8.70000000e+000  0.00000000e+000  8.70000000e+000  2.99608468e+000 -6.44796916e+001 -2.27972264e+001 -1.78055041e+002
  8.80000000e+000  0.00000000e+000  8.80000000e+000  2.75750411e+000 -6.38802779e+001 -1.73677759e+001 -1.65482609e+002
  8.90000000e+000  0.00000000e+000  8.90000000e+000  2.35349931e+000 -6.32747427e+001 -1.41645854e+001 -1.60618370e+002
  9.00000000e+000  0.00000000e+000  9.00000000e+000  1.77401693e+000 -6.26631142e+001 -1.20023762e+001 -1.57782326e+002
  9.10000000e+000  0.00000000e+000  9.10000000e+000  1.00047555e+000 -6.20454900e+001 -1.04492870e+001 -1.55754683e+002
  9.20000000e+000  0.00000000e+000  9.20000000e+000  2.20939146e-003 -6.14220710e+001 -9.30657989e+000 -1.54122367e+002
  9.30000000e+000  0.00000000e+000  9.30000000e+000 -1.27057761e+000 -6.07932411e+001 -8.46808731e+000 -1.52706439e+002
  9.40000000e+000  0.00000000e+000  9.40000000e+000 -2.90146510e+000 -6.01597593e+001 -7.87168330e+000 -1.51415855e+002
  9.50000000e+000  0.00000000e+000  9.50000000e+000 -5.04178779e+000 -5.95232938e+001 -7.47913009e+000 -1.50198254e+002
  9.60000000e+000  0.00000000e+000  9.60000000e+000 -8.00476885e+000 -5.88882733e+001 -7.26661085e+000 -1.49020038e+002
  9.70000000e+000  0.00000000e+000  9.70000000e+000 -1.26205881e+001 -5.82714629e+001 -7.21994159e+000 -1.47857062e+002
  9.80000000e+000  0.00000000e+000  9.80000000e+000 -2.30207761e+001 -5.78424957e+001 -7.33211794e+000 -1.46689593e+002
  9.90000000e+000  0.00000000e+000  9.90000000e+000 -2.10209249e+001  1.23438023e+002 -7.60221066e+000 -1.45499011e+002
  1.00000000e+001  0.00000000e+000  1.00000000e+001 -1.23250154e+001  1.23946448e+002 -8.03521947e+000 -1.44264965e+002
