-21.6	51.5666
-21.5	86.3271
-21.4	81.0762
-21.3	84.0254
-21.2	81.4481
-21.1	70.451
-21	49.3244
-20.9	47.2825
-20.8	41.4984
-20.7	32.7387
-20.6	22.0626
-20.5	9.23973
-20.4	11.0205
-20.3	1.11471
-20.2	-14.2824
-20.1	-23.9837
-20	-26.726
-19.9	-33.4599
-19.8	-48.7114
-19.7	-52.5432
-19.6	-61.0592
-19.5	-64.6224
-19.4	-63.1954
-19.3	-62.7434
-19.2	-55.5872
-19.1	-53.4308
-19	-57.5787
-18.9	-63.6163
-18.8	-74.6972
-18.7	-89.3551
-18.6	-109.667
-18.5	-125.138
-18.4	-135.499
-18.3	-146.143
-18.2	-152.52
-18.1	-157.064
-18	-161.248
-17.9	-165.3
-17.8	-170.77
-17.7	-175.378
-17.6	179.745
-17.5	173.618
-17.4	168.679
-17.3	165.003
-17.2	160.93
-17.1	159.274
-17	160.098
-16.9	161.908
-16.8	165.504
-16.7	164.953
-16.6	162.361
-16.5	158.662
-16.4	151.685
-16.3	142.631
-16.2	132.651
-16.1	123.802
-16	114.693
-15.9	106.21
-15.8	99.6917
-15.7	93.293
-15.6	84.1809
-15.5	76.825
-15.4	63.0298
-15.3	44.3258
-15.2	23.6901
-15.1	4.81326
-15	-7.39678
-14.9	-16.6771
-14.8	-19.7539
-14.7	-23.5037
-14.6	-22.8882
-14.5	-20.3908
-14.4	-15.9263
-14.3	-10.8535
-14.2	-7.99264
-14.1	-6.74467
-14	-9.95695
-13.9	-10.647
-13.8	-15.5351
-13.7	-18.5985
-13.6	-23.852
-13.5	-30.4838
-13.4	-37.7524
-13.3	-46.6259
-13.2	-57.9345
-13.1	-72.2245
-13	-88.2794
-12.9	-101.579
-12.8	-112.172
-12.7	-119.773
-12.6	-123.137
-12.5	-115.766
-12.4	-107.893
-12.3	-100.634
-12.2	-95.3393
-12.1	-89.5808
-12	-90.0193
-11.9	-91.6576
-11.8	-97.8545
-11.7	-105.248
-11.6	-112.435
-11.5	-118.833
-11.4	-126.433
-11.3	-133.785
-11.2	-140.674
-11.1	-148.501
-11	-160.875
-10.9	-174.903
-10.8	163.934
-10.7	141.052
-10.6	120.262
-10.5	104.758
-10.4	98.8809
-10.3	109.223
-10.2	140.185
-10.1	177.89
-10	-161.922
-9.9	-163.109
-9.8	-168.985
-9.7	179.844
-9.6	161.855
-9.5	137.955
-9.4	117.343
-9.3	102.931
-9.2	91.669
-9.1	84.8423
-9	78.5883
-8.9	74.3548
-8.8	71.589
-8.7	70.5234
-8.6	72.8687
-8.5	84.555
-8.4	100.744
-8.3	114.657
-8.2	119.172
-8.1	116.794
-8	111.472
-7.9	105.323
-7.8	97.7613
-7.7	89.495
-7.6	80.0258
-7.5	69.9502
-7.4	57.463
-7.3	42.8706
-7.2	25.2089
-7.1	10.9454
-7	-1.44293
-6.9	-13.3219
-6.8	-19.7235
-6.7	-23.1799
-6.6	-15.2771
-6.5	64.7103
-6.4	96.1887
-6.3	98.5339
-6.2	93.4125
-6.1	84.6318
-6	70.4644
-5.9	56.9115
-5.8	36.8559
-5.7	17.3111
-5.6	2.35824
-5.5	-11.2734
-5.4	-22.3647
-5.3	-31.2352
-5.2	-41.144
-5.1	-58.1751
-5	-149.647
-4.9	145.425
-4.8	130.693
-4.7	119.441
-4.6	109.638
-4.5	99.6579
-4.4	88.2916
-4.3	76.7262
-4.2	62.0773
-4.1	44.7539
-4	23.2321
-3.9	-7.79254
-3.8	-54.8174
-3.7	-103.619
-3.6	-133.926
-3.5	-155.462
-3.4	-171.098
-3.3	174.626
-3.2	160.664
-3.1	147.376
-3	134.186
-2.9	118.732
-2.8	104.853
-2.7	87.8674
-2.6	67.2852
-2.5	43.3418
-2.4	17.4012
-2.3	-9.57863
-2.2	-30.7299
-2.1	-49.4566
-2	-66.6191
-1.9	-82.0743
-1.8	-96.4238
-1.7	-109.598
-1.6	-121.343
-1.5	-132.366
-1.4	-143.402
-1.3	-154.042
-1.2	-164.63
-1.1	-174.259
-1	176.334
-0.9	167.614
-0.8	159.444
-0.7	153.263
-0.6	147.289
-0.5	143.054
-0.4	139.335
-0.3	136.197
-0.2	133.641
-0.1	132.721
3.33067e-16	131.791
0.1	132.465
0.2	134.559
0.3	136.176
0.4	139.308
0.5	143.254
0.6	148.402
0.7	154.374
0.8	161.883
0.9	169.849
1	178.509
1.1	-172.382
1.2	-162.76
1.3	-151.501
1.4	-139.441
1.5	-127.295
1.6	-115.385
1.7	-102.871
1.8	-90.8665
1.9	-76.6034
2	-61.0594
2.1	-43.8954
2.2	-25.8035
2.3	-6.05403
2.4	12.4633
2.5	32.3149
2.6	53.2205
2.7	75.4328
2.8	98.2196
2.9	120.094
3	141.497
3.1	161.496
3.2	-179.472
3.3	-160.951
3.4	-143.973
3.5	-127.402
3.6	-111.3
3.7	-95.5427
3.8	-81.3287
3.9	-65.5195
4	-46.3033
4.1	-16.7091
4.2	30.4222
4.3	84.361
4.4	116.975
4.5	136.244
4.6	153.055
4.7	169.184
4.8	-168.714
4.9	-146.207
5	-123.606
5.1	-101.88
5.2	-82.0961
5.3	-67.1971
5.4	-52.5757
5.5	-38.3833
5.6	-23.2298
5.7	-3.75685
5.8	20.89
5.9	49.676
6	81.2724
6.1	108.175
6.2	130.391
6.3	151.519
6.4	170.791
6.5	-170.374
6.6	-152.555
6.7	-138.104
6.8	-125.495
6.9	-114.675
7	-102.933
7.1	-93.9879
7.2	-71.6172
7.3	-13.6616
7.4	48.6757
7.5	68.7433
7.6	78.2202
7.7	82.3576
7.8	84.8253
7.9	83.879
8	63.8049
8.1	-24.8886
8.2	-47.1083
8.3	-46.4356
8.4	-44.5331
8.5	-35.633
8.6	-26.1562
8.7	-15.1219
8.8	-3.97963
8.9	4.58872
9	14.3086
9.1	21.6993
9.2	23.6426
9.3	26.9656
9.4	12.302
9.5	-58.7718
9.6	-112.841
9.7	-124.842
9.8	-125.318
9.9	-127.791
10	-126.54
10.1	-126.974
10.2	-127.428
10.3	-156.857
10.4	69.3421
10.5	72.0877
10.6	81.9959
10.7	98.0737
10.8	137.263
10.9	-177.649
11	-154.891
11.1	-139.598
11.2	-134.056
11.3	-125.159
11.4	-115.41
11.5	-103.94
11.6	-89.9034
11.7	-73.4748
11.8	-55.6417
11.9	-40.6522
12	-20.9552
12.1	-25.0199
12.2	-8.46094
12.3	-125.613
12.4	-178.309
12.5	-171.559
12.6	-164.891
12.7	-162.108
12.8	-153.167
12.9	-142.66
13	-124.654
13.1	-92.346
13.2	-57.5505
13.3	-40.3726
13.4	-27.7842
13.5	-16.456
13.6	-10.6206
13.7	-5.26926
13.8	-0.80535
13.9	4.18595
14	4.03529
14.1	10.7262
14.2	4.44869
14.3	2.75106
14.4	-9.3802
14.5	-11.4067
14.6	-13.1118
14.7	-13.4697
14.8	-13.2217
14.9	-11.8015
15	-9.96647
15.1	-6.73022
15.2	-2.15094
15.3	8.24239
15.4	20.0021
15.5	31.0342
15.6	36.9197
15.7	39.4419
15.8	40.7261
15.9	24.4359
16	2.32835
16.1	-18.636
16.2	-43.6841
16.3	-54.3651
16.4	-64.843
16.5	-67.6961
16.6	-68.1351
16.7	-68.0267
16.8	-57.8975
16.9	-53.1921
17	-39.6674
17.1	-27.1157
17.2	-14.9166
17.3	-2.87763
17.4	-18.026
17.5	-60.2715
17.6	-111.046
17.7	-124.878
17.8	-126.269
17.9	-126.585
18	-123.355
18.1	-121.278
18.2	-130.066
18.3	-143.636
18.4	-161.228
18.5	170.366
18.6	161.31
18.7	153.587
18.8	154.652
18.9	156.217
19	160.659
19.1	167.468
19.2	152.217
19.3	154.815
19.4	153.814
19.5	157.902
19.6	158.467
19.7	153.384
19.8	-171.157
19.9	-164.92
20	-165.364
20.1	-148.336
20.2	172.611
20.3	108.513
